-1.249447552625101210e+00
-2.326129484373776757e-01
-3.157508860856892974e-01
-4.107487564960150550e-01
-5.019462608673342929e-01
-5.766995912057468754e-01
-6.249896698025538821e-01
-6.402453361558317901e-01
-6.201531310624934790e-01
-5.670856491035658475e-01
-4.879282740090481463e-01
-3.932053448077218460e-01
-2.956004368252949099e-01
-2.081435074466708446e-01
-1.423973113200224516e-01
-1.069203531091084680e-01
-1.061914571652978478e-01
-1.401019268291897324e-01
-2.040529493945757999e-01
-2.896236854225857638e-01
-3.857005331162203232e-01
-4.798987395062697114e-01
-5.600872732337467408e-01
-6.158536992699927826e-01
-6.397907725613850571e-01
-6.285030657634584905e-01
-5.831984071256407498e-01
-5.096950759697045363e-01
-4.177281527445585452e-01
-3.196036671352667780e-01
-2.284391127415541234e-01
-1.563214379985849167e-01
-1.126804734000829145e-01
-1.030856402235356961e-01
-1.285900418302325376e-01
-1.856766820538844898e-01
-2.667910317818042998e-01
-3.613687345630750558e-01
-4.572016786083036299e-01
-5.419539193188084303e-01
-6.046542697517804932e-01
-6.370367725697249073e-01
-6.346281406981695294e-01
-5.974584658861552544e-01
-5.302296954273137963e-01
-4.418006351691980416e-01
-3.439883687195135487e-01
-2.498823792481073280e-01
-1.719922838533957388e-01
-1.205442022997726403e-01
-1.021570622308647092e-01
-1.190420628487767751e-01
-1.687969236652495930e-01
-2.447974426637150869e-01
-3.371139132987326370e-01
-4.338098067549085446e-01
-5.224378503769943061e-01
-5.915523426252589090e-01
-6.320974469048874500e-01
-6.385677526034192475e-01
-6.098274602992107551e-01
-5.494305591301906766e-01
-4.652840825188395701e-01
-3.686094372421831467e-01
-2.723509101537579524e-01
-1.893332372766400873e-01
-1.304953698793371586e-01
-1.034552537922949489e-01
-1.115691693730826162e-01
-1.780701266167349084e-01
