-6.053764049588523655e-01
-1.424371479856942346e-02
-5.162937492597072242e-02
-9.513768257655472182e-02
-1.365293038405056281e-01
-1.701080352629305570e-01
-1.916573531209425640e-01
-1.985102441276725416e-01
-1.897132803141598489e-01
-1.661591850306324836e-01
-1.306194044866459403e-01
-8.755901771811525069e-02
-4.264254887567175967e-02
-1.958256062862817615e-03
2.889186002155139099e-02
4.564869620697623032e-02
4.604096719817024619e-02
3.011214726683095200e-02
1.785313251251585687e-04
-3.957004559494028961e-02
-8.374511891323754842e-02
-1.265663806935777569e-01
-1.626321753780702040e-01
-1.875255174191924334e-01
-1.982187452183742371e-01
-1.933274070837661118e-01
-1.732774852254994058e-01
-1.403784667486441817e-01
-9.870588010981112825e-02
-5.368784575380619595e-02
-1.138973308340873736e-02
2.237974952346422075e-02
4.295515086676141014e-02
4.752411468394984739e-02
3.554074985647484586e-02
8.777425254443665947e-03
-2.899000174683008524e-02
-7.259956740574491363e-02
-1.162926948164060836e-01
-1.545085264284076221e-01
-1.825385346096942696e-01
-1.969793957207098822e-01
-1.960174463901802611e-01
-1.796144207696235839e-01
-1.496103233612082750e-01
-1.096651838831523285e-01
-6.492546090639128575e-02
-2.137705520947658089e-02
1.502054115937412337e-02
3.924014381289675502e-02
4.795423236850770987e-02
4.003071300454943970e-02
1.667809338815676168e-02
-1.878083294232019140e-02
-6.146060251859147838e-02
-1.056746137674862973e-01
-1.457438903974092315e-01
-1.766963982488814200e-01
-1.947704891757808809e-01
-1.977347785974959971e-01
-1.850936148995621644e-01
-1.582145423049056698e-01
-1.203214948781293758e-01
-7.623835359958203162e-02
-3.181651558923742629e-02
6.891253288296206314e-03
3.454464828212397420e-02
4.733237118939978560e-02
4.354532470845945413e-02
2.381380663687326926e-02
