-6.053764049588523655e-01
6.213505980283140495e-04
-4.330883278901953570e-02
-8.920792664765883617e-02
-1.305073124651745797e-01
-1.619092176029143793e-01
-1.795913513075257928e-01
-1.814922853911294376e-01
-1.674260771807471460e-01
-1.390746529591454506e-01
-9.987253117220373788e-02
-5.472051585104753535e-02
-9.460709391516441968e-03
2.987072163341009112e-02
5.789888858980524189e-02
7.071602032545931671e-02
6.649181093724793046e-02
4.577855224300156345e-02
1.144772581311806481e-02
-3.174611907214788808e-02
-7.790497170347771005e-02
-1.208864800524662442e-01
-1.551736941422714178e-01
-1.765474977237523335e-01
-1.824860176567861814e-01
-1.723289821993269633e-01
-1.472962338436064611e-01
-1.104023243249279695e-01
-6.622057109502804684e-02
-2.042026696480536696e-02
2.093257274615811792e-02
5.221776333308567053e-02
6.909391617565124877e-02
6.916951065627080508e-02
5.239221647485056699e-02
2.108058505907414726e-02
-2.042229706153966817e-02
-6.642328454420237671e-02
-1.107552074242281193e-01
-1.476718930559575149e-01
-1.725815683838768932e-01
-1.825149881261274865e-01
-1.763404825246868701e-01
-1.548116865472645709e-01
-1.205093100698075848e-01
-7.765056533534636651e-02
-3.168793428742983087e-02
1.133596052806801202e-02
4.560823594927437830e-02
6.639620941358015394e-02
7.077170992405898420e-02
5.807982420491045183e-02
3.006433346093012604e-02
-9.385815342307118891e-03
-5.483790050451858855e-02
-1.001567053986193445e-01
-1.394131101421634267e-01
-1.676717889694379349e-01
-1.815290130836662019e-01
-1.793842970983191010e-01
-1.615215453565649328e-01
-1.300761483642567939e-01
-8.888433246273047539e-02
-4.314108844412850585e-02
1.186340747331537937e-03
3.814631251921021815e-02
6.266075861082329168e-02
7.129459556156486633e-02
6.279836000689642539e-02
2.381380663687326926e-02
