-8.735826483703718059e-01
-1.361505577403679668e-01
-2.391617953714693101e-01
-3.514065436693835087e-01
-4.599804725590106447e-01
-5.501989139734199119e-01
-6.098439207063199863e-01
-6.306078198709248461e-01
-6.100342227238881865e-01
-5.536006834927331699e-01
-4.703272396907958175e-01
-3.668705673950720669e-01
-2.546755510857148241e-01
-1.501803505350456924e-01
-6.827597028072429630e-02
-2.000290787476055598e-02
-1.175758046442354487e-02
-4.460995869593553653e-02
-1.141645700626901516e-01
-2.111454728511361345e-01
-3.226488228961715832e-01
-4.338764730281213233e-01
-5.300736588879602085e-01
-5.983702366713850029e-01
-6.293732096755038086e-01
-6.189395722109186648e-01
-5.705796652826000681e-01
-4.933415547921476962e-01
-3.941771386332124649e-01
-2.826818473730322023e-01
-1.747302575758813425e-01
-8.597459246005817457e-02
-2.849454147430263706e-02
-9.922881328579324922e-03
-3.270109320144387599e-02
-9.377365031737835976e-02
-1.849909911467045032e-01
-2.942082867770600130e-01
-4.069219529450756045e-01
-5.081852510045939963e-01
-5.844985435791543171e-01
-6.254565320870627554e-01
-6.253877805098717602e-01
-5.857374415196696660e-01
-5.149313322882309585e-01
-4.206400450580576877e-01
-3.108893827531432619e-01
-2.004773093995879663e-01
-1.056332742211070208e-01
-3.943129101801978731e-02
-1.069071653843567393e-02
-2.320442969617270146e-02
-7.528225749758810093e-02
-1.599705311354246429e-01
-2.659870484147132674e-01
-3.792441040879089842e-01
-4.847224368806690720e-01
-5.683952538935049814e-01
-6.189415625616436767e-01
-6.293191142357459356e-01
-5.989611741349052387e-01
-5.350586239240580078e-01
-4.460893614038368704e-01
-3.390528832900268075e-01
-2.272147186486536130e-01
-1.271023568663941505e-01
-5.273379295886815310e-02
-1.406374564653961601e-02
-1.620624073275928057e-02
-5.885028116779389418e-02
