-1.270156420101794303e+00
-2.388694257381468455e-01
-3.249339537333695849e-01
-4.196227599445848666e-01
-5.096930693492144337e-01
-5.831004193865657603e-01
-6.300864994241988093e-01
-6.442098887226046511e-01
-6.232114323258695077e-01
-5.694995792101420484e-01
-4.900262766453256646e-01
-3.954173904791127847e-01
-2.984431717841682374e-01
-2.121342060538058127e-01
-1.479245184996589579e-01
-1.141271630542607385e-01
-1.149201900592742298e-01
-1.499191859179348496e-01
-2.143433566283296510e-01
-2.997212692273239498e-01
-3.950207831758591470e-01
-4.880377502888598729e-01
-5.668640060871402708e-01
-6.212883199129139999e-01
-6.440376177540922953e-01
-6.317804528772710260e-01
-5.857587991353616630e-01
-5.118470051245864738e-01
-4.198756040372343401e-01
-3.222474517952639839e-01
-2.321078160096667342e-01
-1.614481650024677251e-01
-1.194776457029732286e-01
-1.114712932153026914e-01
-1.381929278345587764e-01
-1.959153039356407444e-01
-2.769990831971218537e-01
-3.709303794045592517e-01
-4.656616248354386589e-01
-5.490753486351691581e-01
-6.104124580962163593e-01
-6.415601238645159965e-01
-6.381241444174821087e-01
-6.001709300993536278e-01
-5.324492852698009537e-01
-4.439050040237243477e-01
-3.464576835443513581e-01
-2.532483801882176588e-01
-1.767245448035899558e-01
-1.269198647508542888e-01
-1.101704150707402963e-01
-1.283892444528668408e-01
-1.789384083238917955e-01
-2.550751714625529853e-01
-3.468875886033417899e-01
-4.425762037402124482e-01
-5.299036423055716316e-01
-5.976437574675643738e-01
-6.369118304762204641e-01
-6.422987775641911812e-01
-6.127109407257598228e-01
-5.517420376711289487e-01
-4.673760781211115378e-01
-3.709383166424172762e-01
-2.754442661780391322e-01
-1.936887445046001355e-01
-1.364491248993405514e-01
-1.110768859036408429e-01
-1.206262661287284266e-01
-1.882427713990753038e-01
