-1.119635983020610404e+00
-2.104181532770893204e-01
-3.026609033490598177e-01
-4.063542583708341649e-01
-5.045875900787770707e-01
-5.838851782869913798e-01
-6.339132361972529273e-01
-6.482413142754799296e-01
-6.249465018764572832e-01
-5.668469365894788226e-01
-4.812672483366544074e-01
-3.792414909565260950e-01
-2.741472016347276108e-01
-1.799257040437436950e-01
-1.091662862295036951e-01
-7.135644180164457673e-02
-7.155741983532495909e-02
-1.096966270786919051e-01
-1.805862260591831747e-01
-2.746750360544991665e-01
-3.794204726344298506e-01
-4.810496994842831109e-01
-5.664063792286196941e-01
-6.245941430196142452e-01
-6.482320013222664379e-01
-6.342665113360377305e-01
-5.843458592710097932e-01
-5.047246332245316491e-01
-4.056180555058154225e-01
-2.999723021366582087e-01
-2.017664441015774024e-01
-1.241023093550154832e-01
-7.738691039663964100e-02
-6.788097096885728488e-02
-9.682332152746253584e-02
-1.602627655450899469e-01
-2.496321886630083753e-01
-3.529827375308343673e-01
-4.566744089940184548e-01
-5.472307837311625178e-01
-6.130558388907969558e-01
-6.457961411299497634e-01
-6.412639052587851829e-01
-5.999209385493415869e-01
-5.269074686492976056e-01
-4.315413152893564086e-01
-3.262300860606499597e-01
-2.248704188217789390e-01
-1.409624580017321271e-01
-8.574141420885561526e-02
-6.661213202889135210e-02
-8.611384198913865640e-02
-1.415677141718638954e-01
-2.254682478401493495e-01
-3.265669645151043632e-01
-4.314738425283541901e-01
-5.265006443261348590e-01
-5.994372786404338349e-01
-6.410156833569109480e-01
-6.459443102267543591e-01
-6.135011406285395541e-01
-5.476814279194621715e-01
-4.568375220861268238e-01
-3.527374259980912141e-01
-2.490760681940493160e-01
-1.596337416616502303e-01
-9.637486673897038836e-02
-6.778287444032482512e-02
-7.767495887577502423e-02
-1.477567966164487212e-01
