-1.119635983020610404e+00
-2.331516304467100842e-01
-3.134147629508831079e-01
-4.133273838404826206e-01
-5.127629276396639124e-01
-5.972058879393675745e-01
-6.553753181034523978e-01
-6.796796446698742944e-01
-6.668737894249991971e-01
-6.184220555187407431e-01
-5.404091078650223867e-01
-4.428910360320347794e-01
-3.386562294192768663e-01
-2.415238927198228858e-01
-1.644464131423429842e-01
-1.177182594262460857e-01
-1.075549617895932564e-01
-1.352426855911126602e-01
-1.969823814266142836e-01
-2.844544294912272342e-01
-3.860136923273178033e-01
-4.883135734343463374e-01
-5.780870637150423708e-01
-6.438170901683992753e-01
-6.771021421174936439e-01
-6.736233217340262813e-01
-6.336788542365785482e-01
-5.622439840598680849e-01
-4.684781796242581953e-01
-3.646318296690856386e-01
-2.644408223307944117e-01
-1.812500115100320608e-01
-1.261690219333114760e-01
-1.065374992380599684e-01
-1.249171378528207699e-01
-1.787554042580950520e-01
-2.607735833613274989e-01
-3.600189305403773132e-01
-4.634050802031134397e-01
-5.574805095058250615e-01
-6.301484707802715857e-01
-6.721213599522219972e-01
-6.779918621304428239e-01
-6.468782188664823352e-01
-5.826091228454800541e-01
-4.933767874579387258e-01
-3.907921939515330845e-01
-2.883900652174695711e-01
-1.997921785147420137e-01
-1.368271229739063122e-01
-1.078952545220942805e-01
-1.168123258187244995e-01
-1.622963121026149980e-01
-2.381753390916881985e-01
-3.342859903858864667e-01
-4.379136467177761061e-01
-5.355306321530882707e-01
-6.145520417172818384e-01
-6.648715186268487898e-01
-6.800341397133260468e-01
-6.579904896431807426e-01
-6.014018113413206468e-01
-5.174341381643920990e-01
-4.169647535403886440e-01
-3.132110265833664697e-01
-2.199527547421851748e-01
-1.496341332316796779e-01
-1.116430626991744002e-01
-1.110167813985928342e-01
-1.477567966164487212e-01
