7.669232588973362574e-02
-2.351327631361851966e-03
-9.083626268427924880e-03
-1.056412486545896950e-02
-9.054413192644994446e-03
-6.430761126132752796e-03
-4.234775089191662387e-03
-3.331131079881192135e-03
-3.706149239504518810e-03
-4.564337031830616176e-03
-4.701888884227635977e-03
-3.017520271182738256e-03
1.018087031123109066e-03
7.083317382731340976e-03
1.400594659277707224e-02
2.005744099241712694e-02
2.346747053513688341e-02
2.299487441124045337e-02
1.834844043517919535e-02
1.029927338870175249e-02
4.565607686348226255e-04
-9.189477635727357624e-03
-1.679215309845395396e-02
-2.109358460891947937e-02
-2.169705660935343505e-02
-1.911806898167309893e-02
-1.459847623691924549e-02
-9.711704553640281012e-03
-5.854872286333636169e-03
-3.791512169323989212e-03
-3.418969569402143492e-03
-3.857381426730335100e-03
-3.824020294742095771e-03
-2.146818608743307488e-03
1.763880162085813309e-03
7.635796504028563060e-03
1.433565228180907342e-02
2.016461029040762451e-02
2.337381051282034355e-02
2.273607482423366244e-02
1.796740365269259426e-02
9.840346189309441202e-03
-3.883964953949309279e-05
-9.685603676060168879e-03
-1.726026396821544323e-02
-2.151216136561550848e-02
-2.205147526774045227e-02
-1.940005940882023536e-02
-1.480554670977165393e-02
-9.846519864924230953e-03
-5.924475409307962750e-03
-3.806303823711047751e-03
-3.391474883545974889e-03
-3.800954574977910821e-03
-3.751677638167024136e-03
-2.070335353240779046e-03
1.834577875005952673e-03
7.692991607313954920e-03
1.437401663173583019e-02
2.018124243772012605e-02
2.336812707488512136e-02
2.270953628916352537e-02
1.792308162235731889e-02
9.782389557586533210e-03
-1.057483422711475997e-04
-9.756716263429103531e-03
-1.733111503548900520e-02
-2.157880169300262566e-02
-2.211062578484498595e-02
-1.944922450517679383e-02
-1.484310684777893040e-02
-9.871795954421115973e-03
-5.937737354618614211e-03
-3.808695980975572871e-03
-3.384853067864281636e-03
-3.787659148261889822e-03
-3.734285217396560337e-03
-2.051428365189266086e-03
1.852603150946526087e-03
7.708076696561225703e-03
1.438455822600422963e-02
2.018617695963727254e-02
2.336697429586118840e-02
2.270238975611865717e-02
1.791054091010331126e-02
9.765445274621281646e-03
-1.258523070110638430e-04
-9.778616198825600472e-03
-1.735343881574713185e-02
-2.160025444596476094e-02
-2.213005675523069260e-02
-1.946568491664409789e-02
-1.485590381304679672e-02
-9.880538698179569188e-03
-5.942364575182175652e-03
-3.809472265366621417e-03
-3.382329438252196143e-03
-3.782604011142825119e-03
-3.727600014289048427e-03
-2.044455972424657434e-03
