1.167537569032147893e+00
1.941107238430244408e-01
6.091387411938051222e-02
-3.557280620351542522e-02
-1.092763034383481269e-01
-1.633182666850906128e-01
-1.981255055327799108e-01
-2.134978521339598589e-01
-2.093905766567125126e-01
-1.863494948165906051e-01
-1.458492002077642069e-01
-9.058901497007090797e-02
-2.469603277122297408e-02
4.626929668104718535e-02
1.156282445322121544e-01
1.762856655297073971e-01
2.217471215208029478e-01
2.471999782315152938e-01
2.503133130926189498e-01
2.314821050105057842e-01
1.934821377159752775e-01
1.407345807236389523e-01
7.847626597629735190e-02
1.206767980968739308e-02
-5.346466250928767067e-02
-1.136677903672714679e-01
-1.647528974606425889e-01
-2.036112715610480517e-01
-2.278106222166455530e-01
-2.356160625661711527e-01
-2.260604769433085526e-01
-1.990849690055889187e-01
-1.557440843089034632e-01
-9.843344693600841744e-02
-3.105779582216394719e-02
4.098630328189074162e-02
1.111404067759764608e-01
1.723971435026108168e-01
2.183254497906298719e-01
2.441574939405561084e-01
2.475930570328007951e-01
2.290472119719562660e-01
1.913080462497122880e-01
1.388040274801612961e-01
7.677536826614185517e-02
1.058411674736051307e-02
-5.474314164552114559e-02
-1.147543709727005812e-01
-1.656624484682819864e-01
-2.043608054639155513e-01
-2.284193320742602673e-01
-2.361048476475861024e-01
-2.264510126114717414e-01
-1.993985523960657424e-01
-1.560005270856617554e-01
-9.865022540569602649e-02
-3.124953281382573944e-02
4.080806055870836446e-02
1.109671919291431580e-01
1.722234233227262490e-01
2.181483473131949624e-01
2.439763910126049595e-01
2.474090944545488946e-01
2.288627444404311151e-01
1.911261205429886645e-01
1.386279468021830996e-01
7.660836719481563251e-02
1.042913196871959533e-02
-5.488364206752009700e-02
-1.148785356304485583e-01
-1.657691811042552310e-01
-2.044498782520859925e-01
-2.284914359586305843e-01
-2.361615437976505028e-01
-2.264945752684920932e-01
-1.994317314332602342e-01
-1.560262805567465272e-01
-9.867147069518154845e-02
-3.126894412076663965e-02
4.078820353745198773e-02
1.109451105705233503e-01
1.721979071289317931e-01
2.181187783554754400e-01
2.439427197025293426e-01
2.473717653096070002e-01
2.288225841991048115e-01
1.910842099335314237e-01
1.385854988567019053e-01
7.656662580267092899e-02
1.038929178430225871e-02
-5.492050215472622787e-02
-1.149115150522859174e-01
-1.657976199442517951e-01
-2.044734136792946966e-01
-2.285100388077420386e-01
-2.361755205940791469e-01
-2.265045291966847896e-01
-1.994384891768639367e-01
-1.560308013376847658e-01
-9.867871893765069180e-02
