-9.649994104073630896e-02
-3.869173827359967399e-02
-2.418251876264341030e-02
-1.177504383220291141e-02
-2.018569158425490180e-03
3.374063759612934681e-03
3.698444400642867357e-03
-1.470073331316232767e-04
-5.882695184018336444e-03
-1.063869855266823088e-02
-1.196943451422434294e-02
-8.714354317287030527e-03
-1.425661631132830835e-03
7.757269490059431200e-03
1.575234547801181509e-02
1.952298169172286130e-02
1.711038230265599785e-02
8.350345366393329208e-03
-5.004927704387472122e-03
-1.981172434572823701e-02
-3.249504120735854928e-02
-4.008812056936539997e-02
-4.102721615632300145e-02
-3.551544606556317901e-02
-2.540807760191911985e-02
-1.366606427323873753e-02
-3.499058153176731918e-03
2.593975370163001479e-03
3.598149778332500586e-03
2.831059116188921576e-04
-5.112968596030650036e-03
-9.714857729861334917e-03
-1.104755467423643688e-02
-7.911279853480271060e-03
-8.180387864022886559e-04
8.129278831798487925e-03
1.587943650073254248e-02
1.942052382617508871e-02
1.681204283229425361e-02
7.901549017154356827e-03
-5.553463208585070025e-03
-2.040979012452073110e-02
-3.309740814574799184e-02
-4.065730585667305663e-02
-4.153464187169260413e-02
-3.594144430865267581e-02
-2.574129263564519168e-02
-1.390266468207631764e-02
-3.641925368483655764e-03
2.536136798457968178e-03
3.611930079759207660e-03
3.518226362611098865e-04
-5.007602276641706825e-03
-9.591054008880618362e-03
-1.092201297017573666e-02
-7.798143448417632455e-03
-7.282596563881569163e-04
8.188246263764227192e-03
1.590370054006499598e-02
1.940961775836511430e-02
1.676857180848717946e-02
7.830606587970445273e-03
-5.645070189854036434e-03
-2.051439862854272794e-02
-3.320729592715879891e-02
-4.076531724827656133e-02
-4.163460432995543664e-02
-3.602840720854885714e-02
-2.581165342463947673e-02
-1.395423929437969099e-02
-3.673984095793509774e-03
2.522886737515663783e-03
3.615454832489719671e-03
3.689923822345104348e-04
-4.980673538345522372e-03
-9.558611051477271942e-03
-1.088827112160382568e-02
-7.766960048863937038e-03
-7.028837429519687848e-04
8.205352184227047638e-03
1.591097777453695170e-02
1.940646775065419521e-02
1.675533848298654468e-02
7.808471723834010947e-03
-5.674273817081632899e-03
-2.054842631576733053e-02
-3.324373700983301178e-02
-4.080180770498546827e-02
-4.166898657141087509e-02
-3.605884040807395136e-02
-2.583669082784256776e-02
-1.397288844709312916e-02
-3.685755087154359011e-03
2.517953745253187145e-03
3.616799665011641209e-03
3.755957550651125914e-04
-4.970179440546800345e-03
-9.545799850713479473e-03
-1.087477275501443769e-02
-7.755237474300690631e-03
