-1.930573267741082510e+00
-7.855900778771063298e-01
-6.349562192092486068e-01
-4.968249574585232309e-01
-3.577196395529843032e-01
-2.223381525578220774e-01
-9.982269724942809119e-02
5.571532426174456888e-05
6.893508946461730791e-02
1.010934861247790306e-01
9.400281211837910322e-02
4.836989896099616604e-02
-3.208306696884696135e-02
-1.409095825721883022e-01
-2.692870892827667340e-01
-4.065598584420135886e-01
-5.411216059059594796e-01
-6.616194934427914731e-01
-7.582311597197706199e-01
-8.236527826807241714e-01
-8.535489410812632238e-01
-8.464797264507403218e-01
-8.035454311961808260e-01
-7.280379939849795923e-01
-6.252661547702175193e-01
-5.025227328318399023e-01
-3.689938748031552640e-01
-2.353554160343994395e-01
-1.129091617459292846e-01
-1.234941745430547834e-02
5.752105508260928202e-02
9.075538665054175280e-02
8.470977956304821810e-02
4.003661895219458311e-02
-3.956022271929455353e-02
-1.476318613878793429e-01
-2.753431822937471574e-01
-4.120230204303272359e-01
-5.460514411313924787e-01
-6.660660373501203768e-01
-7.622392127333128542e-01
-8.272650616566057380e-01
-8.568074511956780270e-01
-8.494255370862429100e-01
-8.062174924558132005e-01
-7.304717007680943119e-01
-6.274921953994428980e-01
-5.045665248585652352e-01
-3.708756909012829173e-01
-2.370911391187843775e-01
-1.145114666494936040e-01
-1.382907027573338464e-02
5.615410858453161180e-02
8.949137577977238356e-02
8.353896380337375027e-02
3.894953343410854918e-02
-4.057233309036437086e-02
-1.485766262616737554e-01
-2.762268646861106847e-01
-4.128505294276825222e-01
-5.468265927036158880e-01
-6.667919774979204073e-01
-7.629188661481823841e-01
-8.279014707335925483e-01
-8.574039247790932183e-01
-8.499856052027707776e-01
-8.067447236133430399e-01
-7.309694628499195934e-01
-6.279634358862999921e-01
-5.050136267653689837e-01
-3.713004380675813954e-01
-2.374947980479359400e-01
-1.148949613033794642e-01
-1.419319696082682256e-02
5.580849285489290768e-02
8.916324594453974017e-02
8.322712153806383073e-02
3.865268795760517379e-02
-4.085543882705222618e-02
-1.488470912695173676e-01
-2.764855475174078370e-01
-4.130980318644543181e-01
-5.470633126998516449e-01
-6.670182118282175221e-01
-7.631349263378298664e-01
-8.281077730400510095e-01
-8.576010281096504428e-01
-8.501741923018001357e-01
-8.069255393970642398e-01
-7.311432329005081998e-01
-6.281307886236007221e-01
-5.051750386341439247e-01
-3.714562149714200623e-01
-2.376450978040555717e-01
-1.150398507885949939e-01
-1.433272613826671107e-02
5.567422422013909578e-02
8.903404991432781190e-02
8.310639271339546885e-02
8.517893622535026299e-02
