-1.930573255659056464e+00
-7.855907864648614680e-01
-6.349582134549400791e-01
-4.968275089747332673e-01
-3.577224037357994990e-01
-2.223409052941311415e-01
-9.982527496764412311e-02
5.343076252348599850e-05
6.893317294627082648e-02
1.010919692035229661e-01
9.400168448266524313e-02
4.836911234447239388e-02
-3.208359267895517092e-02
-1.409099514841664347e-01
-2.692874202739080625e-01
-4.065602749601356924e-01
-5.411222254799386011e-01
-6.616204179128980511e-01
-7.582324672652411834e-01
-8.236545223655691306e-01
-8.535511300233895593e-01
-8.464823492106933189e-01
-8.035484408548808632e-01
-7.280413146402247015e-01
-6.252696856153303617e-01
-5.025263542901063918e-01
-3.689974571271940063e-01
-2.353588302178131197e-01
-1.129122916926280223e-01
-1.235217155572490393e-02
5.751873497906358906e-02
9.075352025889135699e-02
8.470834745684127642e-02
4.003556553645968435e-02
-3.956098350536868535e-02
-1.476324384304973369e-01
-2.753436982484048223e-01
-4.120236017106287951e-01
-5.460522076269552771e-01
-6.660670928598035889e-01
-7.622406371590941809e-01
-8.272669056563042300e-01
-8.568097333960209561e-01
-8.494282434669800930e-01
-8.062205773974460143e-01
-7.304750895146521206e-01
-6.274957881143294891e-01
-5.045702027541616452e-01
-3.708793248526715547e-01
-2.370946006057604305e-01
-1.145146399655902342e-01
-1.383186414537088994e-02
5.615175200624697438e-02
8.948947590724168344e-02
8.353750091583186932e-02
3.894845165512717672e-02
-4.057312007852922897e-02
-1.485772275675867338e-01
-2.762274031485134063e-01
-4.128511316067642323e-01
-5.468273786074973053e-01
-6.667930510277895184e-01
-7.629203073036188165e-01
-8.279033302729957855e-01
-8.574062214351190203e-01
-8.499883250639962418e-01
-8.067478211665468635e-01
-7.309728634366013944e-01
-6.279670397533372306e-01
-5.050173151917094483e-01
-3.713040819779396262e-01
-2.374982689575910189e-01
-1.148981435320886035e-01
-1.419599925554868199e-02
5.580612831556276687e-02
8.916133854805598224e-02
8.322565153324726350e-02
3.865159943614111110e-02
-4.085623221338426092e-02
-1.488476986557074611e-01
-2.764860917630152515e-01
-4.130986395449235959e-01
-5.470641038345468443e-01
-6.670192903280295349e-01
-7.631363722130528604e-01
-8.281096370625622427e-01
-8.576033290287964350e-01
-8.501769162252590384e-01
-8.069286408314975123e-01
-7.311466372061189434e-01
-6.281343960630939582e-01
-5.051787304983050841e-01
-3.714598621925545574e-01
-2.376485719014833631e-01
-1.150430360839261312e-01
-1.433553137982908343e-02
5.567185685140557672e-02
8.903213980174724818e-02
8.310492009990440299e-02
8.517783523965466452e-02
