-1.944090071007179565e+00
-9.057639491637909934e-01
-7.141018548291567791e-01
-5.554962733151135312e-01
-4.001822177912438550e-01
-2.494572169392754446e-01
-1.117965280485070517e-01
2.825074634849625461e-03
8.549388822912847019e-02
1.297805096019213067e-01
1.323981907701827498e-01
9.333619924988127703e-02
1.573863244845253792e-02
-9.428777878625671516e-02
-2.279372951355710664e-01
-3.741949407482342838e-01
-5.207143866261848553e-01
-6.550766492647579486e-01
-7.661790294156185510e-01
-8.453736333645910372e-01
-8.870767695093163541e-01
-8.888350547349646025e-01
-8.510669539714110776e-01
-7.767580893369023798e-01
-6.712768726918891815e-01
-5.422883285658722796e-01
-3.995834754462627147e-01
-2.545918032846551382e-01
-1.194500346862344548e-01
-5.727836797630024568e-03
7.687552316259947671e-02
1.215113425611627773e-01
1.246609154280262088e-01
8.618729617055884140e-02
9.171400230522959787e-03
-1.003058656400479809e-01
-2.334441911727116736e-01
-3.792251293167726023e-01
-5.252973315398530296e-01
-6.592391143871989545e-01
-7.699483997542407865e-01
-8.487802603357795794e-01
-8.901544755167838385e-01
-8.916199368144525073e-01
-8.535952076855607418e-01
-7.790636761276057420e-01
-6.733896542446475841e-01
-5.442330105657958716e-01
-4.013794606405752252e-01
-2.562538622909725228e-01
-1.209895411139542271e-01
-7.154194998861799701e-03
7.555365054102973488e-02
1.202852904759076080e-01
1.235218390266174388e-01
8.512644822180708004e-02
8.180639390958418383e-03
-1.012335740538448242e-01
-2.343144675332973770e-01
-3.800421653005661704e-01
-5.260641702531991815e-01
-6.599581308277489011e-01
-7.706218239500928213e-01
-8.494105830150351366e-01
-8.907446365636420005e-01
-8.921732856725277383e-01
-8.541152967458599532e-01
-7.795539790834014049e-01
-6.738532969980252085e-01
-5.446725808391768009e-01
-4.017969363663316251e-01
-2.566506696975449087e-01
-1.213667198494679383e-01
-7.512615555187945361e-03
7.521308819867665585e-02
1.199615374788767092e-01
1.232136838637675202e-01
8.483259569298101654e-02
7.899841685351287335e-03
-1.015023840290796842e-01
-2.345720848195025354e-01
-3.802890922900981074e-01
-5.263006731880062183e-01
-6.601843543993055619e-01
-7.708379250001349270e-01
-8.496168394066365703e-01
-8.909415003459599802e-01
-8.923613729173328624e-01
-8.542953274082822901e-01
-7.797266911943739887e-01
-6.740193607233200268e-01
-5.448325337663593171e-01
-4.019511548733362694e-01
-2.567993825429928378e-01
-1.215100587062159787e-01
-7.650685281167914423e-03
7.508014384165737076e-02
1.198334965595937024e-01
1.230902441885187298e-01
8.472280238715233780e-02
