-1.431651534626461109e+00
-6.124355641540542017e-01
-5.323279341766736783e-01
-4.452195433704432270e-01
-3.483552037840692006e-01
-2.473133993649467843e-01
-1.500002766450298231e-01
-6.470794994410397627e-02
1.101233385770832669e-03
4.166545421620535677e-02
5.344115122830356279e-02
3.530521831392483684e-02
-1.145360772831453301e-02
-8.324883215950804050e-02
-1.743949595848772460e-01
-2.774570685415252425e-01
-3.838406106110155425e-01
-4.846262152793853195e-01
-5.715215136262228324e-01
-6.376982727318569744e-01
-6.783266843016705350e-01
-6.907574673669203413e-01
-6.744513884353431354e-01
-6.308163790542057336e-01
-5.630714927578079898e-01
-4.761574279077633864e-01
-3.766121961607906687e-01
-2.722768048474122904e-01
-1.717330152433728940e-01
-8.348727799227871615e-02
-1.506616902233342756e-02
2.775850490702877829e-02
4.145978178370763462e-02
2.494549656240204263e-02
-2.045494821949007599e-02
-9.111080285405558088e-02
-1.812935177174697932e-01
-2.835305454344648202e-01
-3.891977900037464910e-01
-4.893550366427596443e-01
-5.756967840890029331e-01
-6.413871113709286309e-01
-6.815912247896507292e-01
-6.936558640133003717e-01
-6.770365552281218946e-01
-6.331352286497746729e-01
-5.651639472440990186e-01
-4.780560950326117053e-01
-3.783427535692299726e-01
-2.738590207308534419e-01
-1.731821976183285372e-01
-8.481584082195722796e-02
-1.628499139287745145e-02
2.663918539109147790e-02
4.043001273094239817e-02
2.399570191672553698e-02
-2.133362472164291451e-02
-9.192611386682628116e-02
-1.820518581715439566e-01
-2.842369282468143465e-01
-3.898560634626095922e-01
-4.899682785913032079e-01
-5.762677458924478913e-01
-6.419185848937287719e-01
-6.820862391601499874e-01
-6.941176951701940601e-01
-6.774685892225733586e-01
-6.335407493346889574e-01
-5.655459197529549842e-01
-4.784170016409908799e-01
-3.786845202201555849e-01
-2.741830487851246168e-01
-1.734894893415519224e-01
-8.510717955377283817e-02
-1.656112095620260183e-02
2.637743574781858252e-02
4.018168620031521698e-02
2.375975203353514198e-02
-2.155824356272938516e-02
-9.214034183058932015e-02
-1.822564480784807095e-01
-2.844324132417215267e-01
-3.900427837793361552e-01
-4.901464579845610792e-01
-5.764375901223258714e-01
-6.420803695478601858e-01
-6.822403598263929725e-01
-6.942646702998246377e-01
-6.776090221672440572e-01
-6.336752658472082356e-01
-5.656751000032195220e-01
-4.785413238785772849e-01
-3.788043295646654207e-01
-2.742985584466514637e-01
-1.736008133329891567e-01
-8.521438605014569623e-02
-1.666428848108533756e-02
2.627817793385562803e-02
4.008614478170431650e-02
2.367235118957691786e-02
