-1.437270172644459221e+00
-7.632019463876631438e-01
-6.621647340383230995e-01
-5.582831093439712955e-01
-4.427064428137701957e-01
-3.210659633896661980e-01
-2.026907249267728972e-01
-9.770517082002348752e-02
-1.533537197232056129e-02
3.726840075159035953e-02
5.569211261667057072e-02
3.845913083049128101e-02
-1.304304832244925112e-02
-9.473069726682925573e-02
-2.000389605827052886e-01
-3.202867546933256815e-01
-4.453411491046103676e-01
-5.646203005840462197e-01
-6.682675936897756186e-01
-7.481839051293894816e-01
-7.986479233936337740e-01
-8.164629098394251550e-01
-8.007885169696873362e-01
-7.529071111956947560e-01
-6.761067354708949484e-01
-5.757008167149916256e-01
-4.590387401969557857e-01
-3.352747739711876562e-01
-2.147173519504256833e-01
-1.077742954335899478e-01
-2.373737094570237821e-02
3.024995173362910600e-02
4.980494558561286006e-02
3.348958483964252497e-02
-1.726979071317258016e-02
-9.835380637027636708e-02
-2.031669656795443979e-01
-3.230033676680922894e-01
-4.477111457842355424e-01
-5.666948313450910213e-01
-6.700884527570079019e-01
-7.497865281870396137e-01
-8.000631684105897756e-01
-8.177179035660608886e-01
-8.019069409441029750e-01
-7.539092613785042252e-01
-6.770095843775412181e-01
-5.765182000257265127e-01
-4.597817093669284705e-01
-3.359520972112647885e-01
-2.153360988519207875e-01
-1.083404083219341035e-01
-2.425612372490417931e-02
2.977367158067394451e-02
4.936653852940686010e-02
3.308477903573552037e-02
-1.764483265763669775e-02
-9.870238304970627152e-02
-2.034917858891324982e-01
-3.233065783301772300e-01
-4.479944369929109160e-01
-5.669595911602361982e-01
-6.703359279846494712e-01
-7.500179478042862113e-01
-8.002798037014849930e-01
-8.179210637137465101e-01
-8.020979223089540477e-01
-7.540892767371663030e-01
-6.771796968683411189e-01
-5.766792804329891053e-01
-4.599344279475531261e-01
-3.360969525531897206e-01
-2.154734760761441437e-01
-1.084706493927934806e-01
-2.437958829697997598e-02
2.965657221567077895e-02
4.925534088843212810e-02
3.297899477441598726e-02
-1.774567482286686787e-02
-9.879869613394398620e-02
-2.035838970932031533e-01
-3.233947231016707224e-01
-4.480787759219805322e-01
-5.670402435968870947e-01
-6.704130106586417837e-01
-7.500916055990954900e-01
-8.003502238048504358e-01
-8.179884712758014320e-01
-8.021625618453589457e-01
-7.541513866423139589e-01
-6.772394847209330937e-01
-5.767369055217326235e-01
-4.599899954663558277e-01
-3.361505211171679219e-01
-2.155250765024310233e-01
-1.085203088802028648e-01
-2.442735204685135206e-02
2.961062882050461906e-02
4.921204838679403559e-02
6.421700531983945415e-02
