-9.958547017732992668e-01
-7.664580887399370379e-01
-7.189649264694338848e-01
-6.414634380981388828e-01
-5.394579757916375673e-01
-4.221549086845514109e-01
-2.999810441158280439e-01
-1.837660531603788894e-01
-8.373313073889843139e-02
-8.482460338174782274e-03
3.574591905644695922e-02
4.543159685875871462e-02
1.985139133240687234e-02
-3.896678940396870738e-02
-1.263377774474503945e-01
-2.351261166617271692e-01
-3.562151643223212538e-01
-4.793319326241732292e-01
-5.941437237321701703e-01
-6.913675811906857538e-01
-7.636033068677857694e-01
-8.057447313115145837e-01
-8.150325659072699125e-01
-7.909446848846289901e-01
-7.351141840799250149e-01
-6.513505385958721083e-01
-5.456851938694720072e-01
-4.262489858388985864e-01
-3.027877535259776431e-01
-1.857630807002149109e-01
-8.520060413111948949e-02
-9.591532045495827427e-03
3.488657900534165163e-02
4.475068495931686791e-02
1.930088480029847411e-02
-3.941987776223607881e-02
-1.267164523463290282e-01
-2.354466426923608746e-01
-3.564892314085917335e-01
-4.795681389648956960e-01
-5.943485924063721670e-01
-6.915462387959594448e-01
-7.637599146258547966e-01
-8.058827429941454179e-01
-8.151548751328143716e-01
-7.910537103578507701e-01
-7.352119263511672775e-01
-6.514386288756427446e-01
-5.457649455887798595e-01
-4.263214522859699596e-01
-3.028537890861421888e-01
-1.858233991619817338e-01
-8.525582635551492983e-02
-9.642217597849516222e-03
3.483991711914124351e-02
4.470757893471798139e-02
1.926091813811300554e-02
-3.945706279030752189e-02
-1.267511507169832574e-01
-2.354790890273517068e-01
-3.565196093137835143e-01
-4.795965954751355009e-01
-5.943752539032132187e-01
-6.915712243814469140e-01
-7.637833441642529753e-01
-8.059047391424639661e-01
-8.151755605576468389e-01
-7.910732023106744615e-01
-7.352303308798185943e-01
-6.514560365587361845e-01
-5.457814300657598539e-01
-4.263370720584532814e-01
-3.028685920937855824e-01
-1.858374287002008685e-01
-8.526912642318934532e-02
-9.654836047865917800e-03
3.482792833327350707e-02
4.469616606464561770e-02
1.925002941923169286e-02
-3.946747321501652833e-02
-1.267611199285031409e-01
-2.354886443471034263e-01
-3.565287694752421466e-01
-4.796053735477741053e-01
-5.943836609865648102e-01
-6.915792728757229613e-01
-7.637910496971991314e-01
-8.059121208189256036e-01
-8.151826397771770871e-01
-7.910800007467164718e-01
-7.352368683115666492e-01
-6.514623291838758101e-01
-5.457874897667644998e-01
-4.263429068455647508e-01
-3.028742076000780492e-01
-1.858428302372365504e-01
-8.527432088817751832e-02
-9.659833041884708857e-03
3.482317193358385604e-02
5.678962310839589384e-02
