-1.984266102611854876e+00
-9.204065863122696811e-01
-7.243248468771504855e-01
-5.617784577043251071e-01
-4.032677726005333696e-01
-2.505108619204379217e-01
-1.118962023586394933e-01
3.029118271541343145e-03
8.577230430580266851e-02
1.300989739730712691e-01
1.327262830723822118e-01
9.364301434891382503e-02
1.611331718493395904e-02
-9.359329269282772035e-02
-2.267012670376137851e-01
-3.726095817890489048e-01
-5.197026543012611688e-01
-6.562383042162729385e-01
-7.712561729849669589e-01
-8.554458435076789380e-01
-9.019102478335215833e-01
-9.067594580253236503e-01
-8.694755919085153106e-01
-7.930034914582227978e-01
-6.835444091141479328e-01
-5.500592365650329718e-01
-4.035198027274784494e-01
-2.559761793389370710e-01
-1.195295257589693849e-01
-5.309908270799595757e-03
7.744477280692384225e-02
1.221279342356627051e-01
1.252645575624205532e-01
8.674307900244619673e-02
9.775864411792024519e-03
-9.939313719403861103e-02
-2.319997109702041926e-01
-3.774465271174819447e-01
-5.241177402356180792e-01
-6.602690117723059027e-01
-7.749370697965892729e-01
-8.588084382283548424e-01
-9.049831474461201841e-01
-9.095686524604392753e-01
-8.720447682263710032e-01
-7.953543264621456554e-01
-6.856968171448769578e-01
-5.520315656669722015e-01
-4.053289817292999309e-01
-2.576378232999139706e-01
-1.210580093461550988e-01
-6.718416997030218427e-03
7.614420425925705338e-02
1.209243887050028693e-01
1.241482008521534591e-01
8.570511956293871969e-02
8.808504448208619511e-03
-1.002967604385112538e-01
-2.328455936538572635e-01
-3.782398757599529371e-01
-5.248630551679840384e-01
-6.609701744966386405e-01
-7.755974313902633810e-01
-8.594309058889272324e-01
-9.055702664461149354e-01
-9.101226811292223440e-01
-8.725677440549881592e-01
-7.958481219918639438e-01
-6.861631849054987686e-01
-5.524721720350960208e-01
-4.057454301413671027e-01
-2.580316677481990784e-01
-1.214307594840105115e-01
-7.071536465618529638e-03
7.580930450439135604e-02
1.206063602428204679e-01
1.238457690622161711e-01
8.541709471543533494e-02
8.533791269497638388e-03
-1.005591557704803712e-01
-2.330965597936401623e-01
-3.784801961218897115e-01
-5.250934115280168069e-01
-6.611911540014278055e-01
-7.758095364574685293e-01
-8.596345662958394529e-01
-9.057658527853220676e-01
-9.103105187623130590e-01
-8.727481267147100263e-01
-7.960213242631313246e-01
-6.863294729446933751e-01
-5.526318120528082023e-01
-4.058986943609595444e-01
-2.581788377463570261e-01
-1.215721270060576426e-01
-7.207401974256613317e-03
7.567863515252026829e-02
1.204805805009660780e-01
1.237245772303377650e-01
8.530019975050411041e-02
