-4.318847999476334021e-01
-5.368052096523560079e-01
-5.780159214696852787e-01
-5.754259735884025284e-01
-5.389093315225675918e-01
-4.764955678109303872e-01
-3.965798761264017203e-01
-3.082386817765090936e-01
-2.207272510519888709e-01
-1.426910614461158466e-01
-8.145922211502383548e-02
-4.258972786142523753e-02
-2.963683804549642475e-02
-4.401727975788024411e-02
-8.489682427385880636e-02
-1.491419833600892975e-01
-2.314776438777838286e-01
-3.249717120325822384e-01
-4.218235318550218049e-01
-5.142610888737572106e-01
-5.952890160094169714e-01
-6.591276279550404293e-01
-7.013643826127872183e-01
-7.189756905279398591e-01
-7.103972025318170402e-01
-6.757331732877190911e-01
-6.170536121746703628e-01
-5.385996460923476725e-01
-4.466783318957492366e-01
-3.491263636405285142e-01
-2.544224347186501700e-01
-1.707006785035480589e-01
-1.049352580021995357e-01
-6.242465601508256218e-02
-4.652535749241496627e-02
-5.849982117224949985e-02
-9.739315285095230534e-02
-1.599789370688955437e-01
-2.409125288085276484e-01
-3.332115139323031383e-01
-4.290396274211984440e-01
-5.205993714122862936e-01
-6.008759581444002018e-01
-6.640733499343651758e-01
-7.057639802036994592e-01
-7.229098958528294983e-01
-7.139330955024038028e-01
-6.789253147783049780e-01
-6.199457095548874808e-01
-5.412266635044746810e-01
-4.490687981688936681e-01
-3.513045284882526098e-01
-2.564099339743906580e-01
-1.725175108956306380e-01
-1.066000890292445186e-01
-6.395464491901814430e-02
-4.793578199603153178e-02
-5.980375291176531077e-02
-9.860135648941850683e-02
-1.611000652055743776e-01
-2.419535819710819935e-01
-3.341784463130375027e-01
-4.299379313288648752e-01
-5.214344899008434009e-01
-6.016534493880659751e-01
-6.647988187299740392e-01
-7.064428572469957368e-01
-7.235471661537663524e-01
-7.145330644938447939e-01
-6.794914739701898299e-01
-6.204807347865215483e-01
-5.417325471567550066e-01
-4.495470814251917857e-01
-3.517565681580598347e-01
-2.568371263410398342e-01
-1.729214129324013749e-01
-1.069824180468413599e-01
-6.431718041746284364e-02
-4.828021989284756593e-02
-6.013156756405976799e-02
-9.891371546514995949e-02
-1.613978221045274386e-01
-2.422373476773955203e-01
-3.344487134060489253e-01
-4.301952085160203332e-01
-5.216794021209294474e-01
-6.018867757839796440e-01
-6.650214656551884929e-01
-7.066557840903461285e-01
-7.237512911982616481e-01
-7.147291776786260931e-01
-6.796801779971268775e-01
-6.206624285977432320e-01
-5.419074559574267314e-01
-4.497153248785209501e-01
-3.519182458196685737e-01
-2.569923929165675025e-01
-1.730705202261720310e-01
-1.071257140045511341e-01
-6.445298169811689015e-02
