-2.207227283934820594e-01 -2.207227283934820594e-01
-2.742758052960951876e-01 -2.742758052960951876e-01
-2.938964567981725562e-01 -2.938964567981725562e-01
-2.909550606512798510e-01 -2.909550606512798510e-01
-2.710087128203053641e-01 -2.710087128203053641e-01
-2.385443489761063240e-01 -2.385443489761063240e-01
-1.979492390267960644e-01 -1.979492390267960644e-01
-1.536613380415980945e-01 -1.536613380415980945e-01
-1.100523137543945040e-01 -1.100523137543945040e-01
-7.121036899899957362e-02 -7.121036899899957362e-02
-4.069247655226226890e-02 -4.069247655226226890e-02
-2.128584610413875033e-02 -2.128584610413875033e-02
-1.480947309585745053e-02 -1.480947309585745053e-02
-2.198226808201786397e-02 -2.198226808201786397e-02
-4.237712267107585085e-02 -4.237712267107585085e-02
-7.446869719592807968e-02 -7.446869719592807968e-02
-1.157695104595322100e-01 -1.157695104595322100e-01
-1.630385754869132509e-01 -1.630385754869132509e-01
-2.125423330035642877e-01 -2.125423330035642877e-01
-2.603484137537523946e-01 -2.603484137537523946e-01
-3.026350965732815812e-01 -3.026350965732815812e-01
-3.359991081283526526e-01 -3.359991081283526526e-01
-3.577403966047700834e-01 -3.577403966047700834e-01
-3.660975470799414655e-01 -3.660975470799414655e-01
-3.604064913949693860e-01 -3.604064913949693860e-01
-3.411614268599374444e-01 -3.411614268599374444e-01
-3.099697667010297142e-01 -3.099697667010297142e-01
-2.694082995605902031e-01 -2.694082995605902031e-01
-2.228002302729812367e-01 -2.228002302729812367e-01
-1.739388338375680298e-01 -1.739388338375680298e-01
-1.267829700615066280e-01 -1.267829700615066280e-01
-8.514585230311655373e-02 -8.514585230311655373e-02
-5.239553442961564222e-02 -5.239553442961564222e-02
-3.118595810054025641e-02 -3.118595810054025641e-02
-2.323978322300934707e-02 -2.323978322300934707e-02
-2.920465792812665384e-02 -2.920465792812665384e-02
-4.859963938951294971e-02 -4.859963938951294971e-02
-7.985799574035890025e-02 -7.985799574035890025e-02
-1.204600008352625373e-01 -1.204600008352625373e-01
-1.671393415230877366e-01 -1.671393415230877366e-01
-2.161424846195314498e-01 -2.161424846195314498e-01
-2.635212793761303463e-01 -2.635212793761303463e-01
-3.054415109451109611e-01 -3.054415109451109611e-01
-3.384899696489482857e-01 -3.384899696489482857e-01
-3.599586302816892847e-01 -3.599586302816892847e-01
-3.680795925179998207e-01 -3.680795925179998207e-01
-3.621834250279798439e-01 -3.621834250279798439e-01
-3.427598158694307173e-01 -3.427598158694307173e-01
-3.114123363997280958e-01 -3.114123363997280958e-01
-2.707144773979661689e-01 -2.707144773979661689e-01
-2.239866102673722104e-01 -2.239866102673722104e-01
-1.750195874602631374e-01 -1.750195874602631374e-01
-1.277702152962394422e-01 -1.277702152962394422e-01
-8.604998303133348792e-02 -8.604998303133348792e-02
-5.322550778633661217e-02 -5.322550778633661217e-02
-3.194953728573968199e-02 -3.194953728573968199e-02
-2.394373587334031050e-02 -2.394373587334031050e-02
-2.985491371598802957e-02 -2.985491371598802957e-02
-4.920141351673756880e-02 -4.920141351673756880e-02
-8.041588657497200643e-02 -8.041588657497200643e-02
-1.209780698724989279e-01 -1.209780698724989279e-01
-1.676211823658451117e-01 -1.676211823658451117e-01
-2.165912853017732953e-01 -2.165912853017732953e-01
-2.639398797975063271e-01 -2.639398797975063271e-01
-3.058324551373636790e-01 -3.058324551373636790e-01
-3.388555515129745288e-01 -3.388555515129745288e-01
-3.603009313958320803e-01 -3.603009313958320803e-01
-3.684005113513821872e-01 -3.684005113513821872e-01
-3.624846979612261766e-01 -3.624846979612261766e-01
-3.430430314276786685e-01 -3.430430314276786685e-01
-3.116789447746957098e-01 -3.116789447746957098e-01
-2.709657975524699669e-01 -2.709657975524699669e-01
-2.242238366640723068e-01 -2.242238366640723068e-01
-1.752437978222103343e-01 -1.752437978222103343e-01
-1.279823799687294095e-01 -1.279823799687294095e-01
-8.625097570968032201e-02 -8.625097570968032201e-02
-5.341611682016300655e-02 -5.341611682016300655e-02
-3.213047658106105153e-02 -3.213047658106105153e-02
-2.411565456500608384e-02 -2.411565456500608384e-02
-3.001840414980949667e-02 -3.001840414980949667e-02
-4.935701750896637208e-02 -4.935701750896637208e-02
-8.056410027852822786e-02 -8.056410027852822786e-02
-1.211193477910210703e-01 -1.211193477910210703e-01
-1.677559410806870321e-01 -1.677559410806870321e-01
-2.167199073253283093e-01 -2.167199073253283093e-01
-2.640627177023178174e-01 -2.640627177023178174e-01
-3.059498358331140810e-01 -3.059498358331140810e-01
-3.389677803480075635e-01 -3.389677803480071194e-01
-3.604082956989469455e-01 -3.604082956989469455e-01
-3.685032831002235110e-01 -3.685032831002235110e-01
-3.625831354239559268e-01 -3.625831354239559268e-01
-3.431373798207468795e-01 -3.431373798207468795e-01
-3.117694361611809128e-01 -3.117694361611809128e-01
-2.710526503300907386e-01 -2.710526503300907386e-01
-2.243072550286857592e-01 -2.243072550286857592e-01
-1.753239715310217495e-01 -1.753239715310217495e-01
-1.280594845875857590e-01 -1.280594845875857590e-01
-8.632517335846512374e-02 -8.632517335846512374e-02
-5.348755728632403894e-02 -5.348755728632403894e-02
-3.219825396345177282e-02 -3.219825396345177282e-02
