-2.207227283934547479e-01 -2.207227283934547479e-01
-2.742758052734282082e-01 -2.742758052734282082e-01
-2.938966707284662583e-01 -2.938966707284662583e-01
-2.909555256144864543e-01 -2.909555256144864543e-01
-2.710094040300299323e-01 -2.710094040300299323e-01
-2.385452162444408053e-01 -2.385452162444408053e-01
-1.979502227234115619e-01 -1.979502227234115619e-01
-1.536623775698056082e-01 -1.536623775698056082e-01
-1.100533528843468112e-01 -1.100533528843468112e-01
-7.121135966745884005e-02 -7.121135966745884005e-02
-4.069338169283431839e-02 -4.069338169283431839e-02
-2.128664162465598864e-02 -2.128664162465598864e-02
-1.481014893438814539e-02 -1.481014893438814539e-02
-2.198282824288333437e-02 -2.198282824288333437e-02
-4.237758421359938410e-02 -4.237758421359938410e-02
-7.446908826408593640e-02 -7.446908826408593640e-02
-1.157698675406630962e-01 -1.157698675406630962e-01
-1.630389401348897316e-01 -1.630389401348897316e-01
-2.125427482582171734e-01 -2.125427482582171734e-01
-2.603489204688291814e-01 -2.603489204688291814e-01
-3.026357298689612563e-01 -3.026357298689612563e-01
-3.359998942223805241e-01 -3.359998942223805241e-01
-3.577413503193191957e-01 -3.577413503193191957e-01
-3.660986703189832436e-01 -3.660986703189830216e-01
-3.604077728045871343e-01 -3.604077728045871343e-01
-3.411628427294757238e-01 -3.411628427294757238e-01
-3.099712829841902995e-01 -3.099712829841902995e-01
-2.694098747533186788e-01 -2.694098747533186788e-01
-2.228018188195102223e-01 -2.228018188195102223e-01
-1.739403897478382088e-01 -1.739403897478382088e-01
-1.267844504767299263e-01 -1.267844504767299263e-01
-8.514722079432002211e-02 -8.514722079432002211e-02
-5.239676382873947880e-02 -5.239676382873947880e-02
-3.118703265467970276e-02 -3.118703265467970276e-02
-2.324069986731069903e-02 -2.324069986731069903e-02
-2.920542652719548826e-02 -2.920542652719548826e-02
-4.860028190541076931e-02 -4.860028190541076931e-02
-7.985854441528461578e-02 -7.985854441528461578e-02
-1.204604955812966782e-01 -1.204604955812966782e-01
-1.671398267584622843e-01 -1.671398267584622843e-01
-2.161430057857918197e-01 -2.161430057857918197e-01
-2.635218793496207912e-01 -2.635218793496207912e-01
-3.054422265592984242e-01 -3.054422265592984242e-01
-3.384908285821828233e-01 -3.384908285821828233e-01
-3.599596486086058533e-01 -3.599596486086058533e-01
-3.680807732210777949e-01 -3.680807732210777949e-01
-3.621847576838823635e-01 -3.621847576838823635e-01
-3.427612775702790771e-01 -3.427612775702790771e-01
-3.114138937904633586e-01 -3.114138937904633586e-01
-2.707160895681717250e-01 -2.707160895681717250e-01
-2.239882321699360190e-01 -2.239882321699360190e-01
-1.750211735405442504e-01 -1.750211735405442504e-01
-1.277717230685782024e-01 -1.277717230685782024e-01
-8.605137638754389862e-02 -8.605137638754389862e-02
-5.322675983551428125e-02 -5.322675983551428125e-02
-3.195063251579743913e-02 -3.195063251579743913e-02
-2.394467142976552942e-02 -2.394467142976552942e-02
-2.985569964782475161e-02 -2.985569964782475161e-02
-4.920207194812831197e-02 -4.920207194812831197e-02
-8.041644989066809579e-02 -8.041644989066809579e-02
-1.209785781099896873e-01 -1.209785781099896873e-01
-1.676216800537815299e-01 -1.676216800537815299e-01
-2.165918179791501696e-01 -2.165918179791501696e-01
-2.639404904270550301e-01 -2.639404904270550301e-01
-3.058331806296121780e-01 -3.058331806296121780e-01
-3.388564196155028352e-01 -3.388564196155028352e-01
-3.603019582458788506e-01 -3.603019582458788506e-01
-3.684016999882948618e-01 -3.684016999882948618e-01
-3.624860380134167226e-01 -3.624860380134167226e-01
-3.430445000343009809e-01 -3.430445000343014250e-01
-3.116805086232925515e-01 -3.116805086232925515e-01
-2.709674157710293407e-01 -2.709674157710293407e-01
-2.242254642399470477e-01 -2.242254642399470477e-01
-1.752453892315934958e-01 -1.752453892315934958e-01
-1.279838927535272841e-01 -1.279838927535272841e-01
-8.625237378639627472e-02 -8.625237378639627472e-02
-5.341737332009688366e-02 -5.341737332009688366e-02
-3.213157601219385207e-02 -3.213157601219385207e-02
-2.411659409104038865e-02 -2.411659409104038865e-02
-3.001919383637230432e-02 -3.001919383637230432e-02
-4.935767949530966980e-02 -4.935767949530966980e-02
-8.056466696315855991e-02 -8.056466696315855991e-02
-1.211198592239384197e-01 -1.211198592239384197e-01
-1.677564418019166226e-01 -1.677564418019166226e-01
-2.167204428842268715e-01 -2.167204428842268715e-01
-2.640633310711038018e-01 -2.640633310711038018e-01
-3.059505639310691194e-01 -3.059505639310691194e-01
-3.389686509308553752e-01 -3.389686509308553752e-01
-3.604093249115665198e-01 -3.604093249115665198e-01
-3.685044739891663035e-01 -3.685044739891663035e-01
-3.625844776244355749e-01 -3.625844776244355749e-01
-3.431388504783299265e-01 -3.431388504783299265e-01
-3.117710019694144297e-01 -3.117710019694144297e-01
-2.710542704225544774e-01 -2.710542704225544774e-01
-2.243088843979013092e-01 -2.243088843979013092e-01
-1.753255646579390259e-01 -1.753255646579390259e-01
-1.280609990184791158e-01 -1.280609990184791158e-01
-8.632657301385493476e-02 -8.632657301385493476e-02
-5.348881530121918360e-02 -5.348881530121918360e-02
-3.219935484927249902e-02 -3.219935484927249902e-02
